Jahr	Bedarfsabklärung	Behandlungspflege	Grundpflege
2011	4.5%	29.3%	66.3%
2012	5.7%	29.8%	64.5%
2013	6.2%	30.7%	63.1%
2014	6.0%	30.9%	63.0%
2015	5.9%	30.9%	63.2%
2016	5.7%	29.5%	64.9%
2017	5.7%	30.3%	64.0%
2018	6.6%	30.8%	62.6%
2019	6.8%	31.0%	62.2%
2020	6.8%	32.4%	60.8%
2021	6.8%	33.0%	60.2%
2022	7.3%	33.1%	59.6%
2023	7.7%	32.4%	59.9%
