	Ja. wir haben konkrete Pl채ne.	Ja. schon daran gedacht.	Nein. wir haben kein Bed체rfnis.	Keine Angabe
Familienform				
Einelternfamilie	8.1	37.5	54.0	0.4
Zweielternfamilie	10.8	29.8	58.5	0.9
Anzahl Kinder				
1 Kind	13.9	34.7	50.5	0.9
2 Kinder	10.0	28.3	61.3	0.4
3 Kinder u.m.	6.5	31.4	60.6	1.4
Alter j체ngstes Kind				
0-4 Jahre	19.7	39.7	39.5	1.1
5-8 Jahre	5.5	32.7	61.0	0.8
9-12 Jahre	5.1	21.7	72.6	0.7
13-17 Jahre	4.9	23.7	71.5	-
Bildungsniveau Eltern				
Obligat. Schule	10.5	38.1	48.6	2.9
Sekundarstufe II	8.9	33.3	56.8	1.1
Terti채rstufe	11.5	29.0	59.1	0.4
Haushaltssprache				
ch/dt	10.1	27.2	62.2	0.5
ch/dt und andere	10.9	34.7	53.7	0.8
nur andere	11.0	37.0	50.0	2.0
Haushaltseinkommen				
<3000 Fr.	15.3	40.5	41.4	2.7
3000-7499 Fr.	11.7	37.9	49.3	1.0
>7499 Fr.	9.7	25.4	64.8	0.1
Wahlkreis				
Grossbasel Ost	13.0	32.3	54.7	-
Grossbasel West	9.9	31.5	57.9	0.7
Kleinbasel	13.8	36.2	48.4	1.6
Riehen, Bettingen	4.3	20.9	74.3	0.4
Befragungsjahr				
2009	11.1	32.8	54.4	1.7
2013	11.2	30.7	57.9	0.2
2017	10.6	31.1	57.5	0.8
